# 2 
X = [[2, 3], [9, 8]]
Y = [[5, 6], [1, 7]]
# 4
X = [[2, 3, 9, 8], [5, 6, 1, 7], [5, 6, 1, 7], [2, 3, 9, 8]]
Y = [[5, 6, 1, 7], [2, 3, 9, 8], [5, 6, 1, 7], [2, 3, 9, 8]]
# 8
X = [[2, 3, 9, 8, 5, 6, 1, 7], [5, 6, 1, 7, 2, 3, 9, 8], [5, 6, 1, 7, 2, 3, 9, 8], [5, 6, 1, 7, 2, 3, 9, 8]]
Y = [[5, 6, 1, 7, 2, 3, 9, 8], [5, 6, 1, 7, 2, 3, 9, 8], [5, 6, 1, 7, 2, 3, 9, 8], [5, 6, 1, 7, 2, 3, 9, 8]]
# 16
X = [[2, 3, 9, 8, 5, 6, 1, 7, 5, 6, 1, 7, 2, 3, 9, 8], [5, 6, 1, 7, 2, 3, 9, 8, 5, 6, 1, 7, 2, 3, 9, 8], [5, 6, 1, 7, 2, 3, 9, 8, 5, 6, 1, 7, 2, 3, 9, 8], [5, 6, 1, 7, 2, 3, 9, 8, 5, 6, 1, 7, 2, 3, 9, 8]]
Y = [[5, 6, 1, 7, 2, 3, 9, 8, 5, 6, 1, 7, 2, 3, 9, 8], [5, 6, 1, 7, 2, 3, 9, 8, 5, 6, 1, 7, 2, 3, 9, 8], [2, 3, 9, 8, 5, 6, 1, 7, 5, 6, 1, 7, 2, 3, 9, 8], [5, 6, 1, 7, 2, 3, 9, 8, 5, 6, 1, 7, 2, 3, 9, 8]]
# 32
X = [[2, 3, 9, 8, 5, 6, 1, 7, 5, 6, 1, 7, 2, 3, 9, 8, 5, 6, 1, 7, 2, 3, 9, 8, 5, 6, 1, 7, 2, 3, 9, 8], [5, 6, 1, 7, 2, 3, 9, 8, 5, 6, 1, 7, 2, 3, 9, 8, 5, 6, 1, 7, 2, 3, 9, 8, 5, 6, 1, 7, 2, 3, 9, 8], [2, 3, 9, 8, 5, 6, 1, 7, 5, 6, 1, 7, 2, 3, 9, 8, 5, 6, 1, 7, 2, 3, 9, 8, 5, 6, 1, 7, 2, 3, 9, 8], [5, 6, 1, 7, 2, 3, 9, 8, 5, 6, 1, 7, 2, 3, 9, 8, 5, 6, 1, 7, 2, 3, 9, 8, 5, 6, 1, 7, 2, 3, 9, 8]]
Y = [[5, 6, 1, 7, 2, 3, 9, 8, 5, 6, 1, 7, 2, 3, 9, 8, 5, 6, 1, 7, 2, 3, 9, 8, 5, 6, 1, 7, 2, 3, 9, 8], [2, 3, 9, 8, 5, 6, 1, 7, 5, 6, 1, 7, 2, 3, 9, 8, 5, 6, 1, 7, 2, 3, 9, 8, 5, 6, 1, 7, 2, 3, 9, 8], [2, 3, 9, 8, 5, 6, 1, 7, 5, 6, 1, 7, 2, 3, 9, 8, 5, 6, 1, 7, 2, 3, 9, 8, 5, 6, 1, 7, 2, 3, 9, 8], [5, 6, 1, 7, 2, 3, 9, 8, 5, 6, 1, 7, 2, 3, 9, 8, 5, 6, 1, 7, 2, 3, 9, 8, 5, 6, 1, 7, 2, 3, 9, 8]]
# 64
X = [[5, 6, 1, 2, 7, 8, 5, 9, 1, 2, 3, 9, 5, 3, 1, 5, 1, 2, 3, 9, 5, 3, 1, 5, 5, 3, 1, 5, 1, 2, 3, 9, 1, 2, 3, 9, 5, 3, 1, 5, 5, 3, 1, 5, 1, 2, 3, 9, 5, 6, 9, 2, 5, 3, 1, 5, 7, 8, 6, 5, 1, 2, 3, 9, 1, 2, 3, 9, 5, 3, 1, 5, 5, 3, 1, 5, 1, 2, 3, 9, 5, 6, 9, 2, 5, 3, 1, 5, 7, 8, 6, 5, 1, 2, 3, 9, 5, 6, 1, 2, 7, 8, 5, 9, 1, 2, 3, 9, 5, 3, 1, 5, 1, 2, 3, 9, 5, 3, 1, 5, 5, 3, 1, 5, 1, 2, 3, 9], [1, 2, 3, 9, 5, 3, 1, 5, 5, 3, 1, 5, 1, 2, 3, 9, 5, 6, 9, 2, 5, 3, 1, 5, 7, 8, 6, 5, 1, 2, 3, 9, 5, 6, 1, 2, 7, 8, 5, 9, 1, 2, 3, 9, 5, 3, 1, 5, 1, 2, 3, 9, 5, 3, 1, 5, 5, 3, 1, 5, 1, 2, 3, 9, 5, 6, 1, 2, 7, 8, 5, 9, 1, 2, 3, 9, 5, 3, 1, 5, 1, 2, 3, 9, 5, 3, 1, 5, 5, 3, 1, 5, 1, 2, 3, 9, 1, 2, 3, 9, 5, 3, 1, 5, 5, 3, 1, 5, 1, 2, 3, 9, 5, 6, 9, 2, 5, 3, 1, 5, 7, 8, 6, 5, 1, 2, 3, 9]]
Y = [[1, 2, 3, 9, 5, 3, 1, 5, 5, 3, 1, 5, 1, 2, 3, 9, 5, 6, 9, 2, 5, 3, 1, 5, 7, 8, 6, 5, 1, 2, 3, 9, 5, 6, 1, 2, 7, 8, 5, 9, 1, 2, 3, 9, 5, 3, 1, 5, 1, 2, 3, 9, 5, 3, 1, 5, 5, 3, 1, 5, 1, 2, 3, 9, 5, 6, 1, 2, 7, 8, 5, 9, 1, 2, 3, 9, 5, 3, 1, 5, 1, 2, 3, 9, 5, 3, 1, 5, 5, 3, 1, 5, 1, 2, 3, 9, 1, 2, 3, 9, 5, 3, 1, 5, 5, 3, 1, 5, 1, 2, 3, 9, 5, 6, 9, 2, 5, 3, 1, 5, 7, 8, 6, 5, 1, 2, 3, 9], [5, 6, 1, 2, 7, 8, 5, 9, 1, 2, 3, 9, 5, 3, 1, 5, 1, 2, 3, 9, 5, 3, 1, 5, 5, 3, 1, 5, 1, 2, 3, 9, 1, 2, 3, 9, 5, 3, 1, 5, 5, 3, 1, 5, 1, 2, 3, 9, 5, 6, 9, 2, 5, 3, 1, 5, 7, 8, 6, 5, 1, 2, 3, 9, 1, 2, 3, 9, 5, 3, 1, 5, 5, 3, 1, 5, 1, 2, 3, 9, 5, 6, 9, 2, 5, 3, 1, 5, 7, 8, 6, 5, 1, 2, 3, 9, 5, 6, 1, 2, 7, 8, 5, 9, 1, 2, 3, 9, 5, 3, 1, 5, 1, 2, 3, 9, 5, 3, 1, 5, 5, 3, 1, 5, 1, 2, 3, 9]]
# 128
X = [[1, 2, 3, 9, 5, 3, 1, 5, 5, 3, 1, 5, 1, 2, 3, 9, 5, 6, 9, 2, 5, 3, 1, 5, 7, 8, 6, 5, 1, 2, 3, 9, 5, 6, 1, 2, 7, 8, 5, 9, 1, 2, 3, 9, 5, 3, 1, 5, 1, 2, 3, 9, 5, 3, 1, 5, 5, 3, 1, 5, 1, 2, 3, 9, 5, 6, 1, 2, 7, 8, 5, 9, 1, 2, 3, 9, 5, 3, 1, 5, 1, 2, 3, 9, 5, 3, 1, 5, 5, 3, 1, 5, 1, 2, 3, 9, 1, 2, 3, 9, 5, 3, 1, 5, 5, 3, 1, 5, 1, 2, 3, 9, 5, 6, 9, 2, 5, 3, 1, 5, 7, 8, 6, 5, 1, 2, 3, 9], [5, 6, 1, 2, 7, 8, 5, 9, 1, 2, 3, 9, 5, 3, 1, 5, 1, 2, 3, 9, 5, 3, 1, 5, 5, 3, 1, 5, 1, 2, 3, 9, 1, 2, 3, 9, 5, 3, 1, 5, 5, 3, 1, 5, 1, 2, 3, 9, 5, 6, 9, 2, 5, 3, 1, 5, 7, 8, 6, 5, 1, 2, 3, 9, 1, 2, 3, 9, 5, 3, 1, 5, 5, 3, 1, 5, 1, 2, 3, 9, 5, 6, 9, 2, 5, 3, 1, 5, 7, 8, 6, 5, 1, 2, 3, 9, 5, 6, 1, 2, 7, 8, 5, 9, 1, 2, 3, 9, 5, 3, 1, 5, 1, 2, 3, 9, 5, 3, 1, 5, 5, 3, 1, 5, 1, 2, 3, 9], [5, 6, 1, 2, 7, 8, 5, 9, 1, 2, 3, 9, 5, 3, 1, 5, 1, 2, 3, 9, 5, 3, 1, 5, 5, 3, 1, 5, 1, 2, 3, 9, 1, 2, 3, 9, 5, 3, 1, 5, 5, 3, 1, 5, 1, 2, 3, 9, 5, 6, 9, 2, 5, 3, 1, 5, 7, 8, 6, 5, 1, 2, 3, 9, 1, 2, 3, 9, 5, 3, 1, 5, 5, 3, 1, 5, 1, 2, 3, 9, 5, 6, 9, 2, 5, 3, 1, 5, 7, 8, 6, 5, 1, 2, 3, 9, 5, 6, 1, 2, 7, 8, 5, 9, 1, 2, 3, 9, 5, 3, 1, 5, 1, 2, 3, 9, 5, 3, 1, 5, 5, 3, 1, 5, 1, 2, 3, 9], [1, 2, 3, 9, 5, 3, 1, 5, 5, 3, 1, 5, 1, 2, 3, 9, 5, 6, 9, 2, 5, 3, 1, 5, 7, 8, 6, 5, 1, 2, 3, 9, 5, 6, 1, 2, 7, 8, 5, 9, 1, 2, 3, 9, 5, 3, 1, 5, 1, 2, 3, 9, 5, 3, 1, 5, 5, 3, 1, 5, 1, 2, 3, 9, 5, 6, 1, 2, 7, 8, 5, 9, 1, 2, 3, 9, 5, 3, 1, 5, 1, 2, 3, 9, 5, 3, 1, 5, 5, 3, 1, 5, 1, 2, 3, 9, 1, 2, 3, 9, 5, 3, 1, 5, 5, 3, 1, 5, 1, 2, 3, 9, 5, 6, 9, 2, 5, 3, 1, 5, 7, 8, 6, 5, 1, 2, 3, 9]]
Y = [[5, 6, 1, 2, 7, 8, 5, 9, 1, 2, 3, 9, 5, 3, 1, 5, 1, 2, 3, 9, 5, 3, 1, 5, 5, 3, 1, 5, 1, 2, 3, 9, 1, 2, 3, 9, 5, 3, 1, 5, 5, 3, 1, 5, 1, 2, 3, 9, 5, 6, 9, 2, 5, 3, 1, 5, 7, 8, 6, 5, 1, 2, 3, 9, 1, 2, 3, 9, 5, 3, 1, 5, 5, 3, 1, 5, 1, 2, 3, 9, 5, 6, 9, 2, 5, 3, 1, 5, 7, 8, 6, 5, 1, 2, 3, 9, 5, 6, 1, 2, 7, 8, 5, 9, 1, 2, 3, 9, 5, 3, 1, 5, 1, 2, 3, 9, 5, 3, 1, 5, 5, 3, 1, 5, 1, 2, 3, 9], [1, 2, 3, 9, 5, 3, 1, 5, 5, 3, 1, 5, 1, 2, 3, 9, 5, 6, 9, 2, 5, 3, 1, 5, 7, 8, 6, 5, 1, 2, 3, 9, 5, 6, 1, 2, 7, 8, 5, 9, 1, 2, 3, 9, 5, 3, 1, 5, 1, 2, 3, 9, 5, 3, 1, 5, 5, 3, 1, 5, 1, 2, 3, 9, 5, 6, 1, 2, 7, 8, 5, 9, 1, 2, 3, 9, 5, 3, 1, 5, 1, 2, 3, 9, 5, 3, 1, 5, 5, 3, 1, 5, 1, 2, 3, 9, 1, 2, 3, 9, 5, 3, 1, 5, 5, 3, 1, 5, 1, 2, 3, 9, 5, 6, 9, 2, 5, 3, 1, 5, 7, 8, 6, 5, 1, 2, 3, 9], [1, 2, 3, 9, 5, 3, 1, 5, 5, 3, 1, 5, 1, 2, 3, 9, 5, 6, 9, 2, 5, 3, 1, 5, 7, 8, 6, 5, 1, 2, 3, 9, 5, 6, 1, 2, 7, 8, 5, 9, 1, 2, 3, 9, 5, 3, 1, 5, 1, 2, 3, 9, 5, 3, 1, 5, 5, 3, 1, 5, 1, 2, 3, 9, 5, 6, 1, 2, 7, 8, 5, 9, 1, 2, 3, 9, 5, 3, 1, 5, 1, 2, 3, 9, 5, 3, 1, 5, 5, 3, 1, 5, 1, 2, 3, 9, 1, 2, 3, 9, 5, 3, 1, 5, 5, 3, 1, 5, 1, 2, 3, 9, 5, 6, 9, 2, 5, 3, 1, 5, 7, 8, 6, 5, 1, 2, 3, 9], [5, 6, 1, 2, 7, 8, 5, 9, 1, 2, 3, 9, 5, 3, 1, 5, 1, 2, 3, 9, 5, 3, 1, 5, 5, 3, 1, 5, 1, 2, 3, 9, 1, 2, 3, 9, 5, 3, 1, 5, 5, 3, 1, 5, 1, 2, 3, 9, 5, 6, 9, 2, 5, 3, 1, 5, 7, 8, 6, 5, 1, 2, 3, 9, 1, 2, 3, 9, 5, 3, 1, 5, 5, 3, 1, 5, 1, 2, 3, 9, 5, 6, 9, 2, 5, 3, 1, 5, 7, 8, 6, 5, 1, 2, 3, 9, 5, 6, 1, 2, 7, 8, 5, 9, 1, 2, 3, 9, 5, 3, 1, 5, 1, 2, 3, 9, 5, 3, 1, 5, 5, 3, 1, 5, 1, 2, 3, 9]]
